089
087
088
088
088
088
089
087
089
088
087
088
089
087
087
087
088
088
089
088
089
088
090
089
091
090
090
091
091
093
092
094
093
095
094
095
097
098
098
099
101
100
102
103
104
106
105
107
109
110
111
111
112
113
116
117
119
119
121
122
123
125
126
126
130
130
131
131
133
134
134
135
134
136
138
137
139
139
140
140
142
140
143
143
144
144
143
144
147
147
147
146
148
149
148
150
151
151
151
151
151
154
153
153
154
155
154
156
156
155
158
157
158
157
158
158
159
158
161
159
161
161
160
160
160
160
161
160
160
162
160
162
160
160
160
160
159
161
162
162
160
160
160
162
160
160
161
158
160
159
159
158
159
161
159
159
159
159
159
159
159
158
158
158
159
159
159
159
160
160
161
160
160
162
161
164
163
163
164
166
167
167
167
168
169
170
170
170
171
173
172
174
176
178
177
180
179
180
181
182
185
186
187
187
188
189
191
191
195
196
195
198
198
199
202
203
204
203
208
207
208
210
214
214
214
216
217
220
221
223
223
223
224
225
227
227
228
228
228
229
230
231
231
229
231
232
234
232
232
232
232
232
232
232
233
233
233
233
231
231
231
231
231
231
231
231
229
230
231
230
230
228
228
228
228
228
227
225
224
224
224
224
223
223
223
223
223
223
222
222
219
219
219
216
211
207
201
198
193
191
187
183
180
176
174
171
168
166
164
161
155
156
155
152
151
149
147
144
141
139
137
136
133
133
130
129
127
127
126
124
122
121
120
118
118
116
116
114
113
112
111
110
111
109
109
107
106
105
104
104
104
102
101
100
100
099
099
097
097
095
095
095
094
093
093
092
092
092
090
091
090
090
089
088
088
088
087
086
086
085
085
084
083
083
083
084
082
082
082
081
081
081
080
080
079
079
079
078
078
078
077
077
077
076
076
075
075
