2014-02-12032
032
032
032
032
032
032
032
032
032
032
032
033
033
033
033
033
033
033
034
034
034
035
035
036
036
036
037
037
037
038
039
040
040
041
042
042
043
044
045
046
047
048
048
049
050
051
052
053
054
056
057
059
059
060
062
063
064
065
067
068
069
071
072
074
075
076
078
079
081
082
084
085
087
088
090
092
093
095
096
098
101
101
103
104
107
110
111
113
115
116
119
120
122
122
125
126
127
128
129
130
133
133
135
136
137
138
139
141
141
142
143
145
145
145
145
147
148
148
149
150
151
150
152
151
153
152
153
153
154
155
155
155
155
156
156
157
156
157
157
158
158
158
158
158
158
158
158
159
159
159
159
159
159
159
159
159
159
159
159
159
159
159
158
158
158
158
158
158
158
158
157
157
157
157
157
157
157
157
156
156
156
156
156
156
155
155
155
155
153
154
153
154
154
154
153
153
153
152
152
152
152
152
152
152
151
151
151
151
152
152
152
152
152
152
153
152
153
154
154
154
155
155
156
156
157
157
158
158
159
160
160
161
162
163
164
164
165
166
167
168
169
169
170
171
172
173
174
175
176
177
178
179
181
181
182
184
185
186
187
188
189
190
191
192
194
196
197
198
199
200
201
203
204
205
206
207
209
210
211
212
213
214
216
217
218
219
220
221
222
223
224
225
226
227
228
228
229
229
230
230
230
231
231
232
232
232
232
233
233
233
233
233
233
233
233
233
233
233
233
233
233
233
232
232
232
231
228
223
217
210
202
195
190
184
180
175
171
167
162
158
154
150
146
142
138
135
132
129
125
122
119
116
113
111
109
107
105
102
100
098
097
095
093
091
089
088
086
085
083
082
081
079
078
077
075
074
073
072
071
070
069
068
067
066
065
065
064
063
062
061
061
060
060
059
058
058
057
057
