2014-02-12040
040
040
041
041
041
042
042
042
043
043
044
044
044
045
045
045
046
047
047
048
049
049
050
050
051
052
053
054
054
055
056
057
058
059
060
061
062
062
064
065
066
067
068
069
071
072
073
074
075
077
078
079
081
082
084
085
086
088
089
090
092
093
095
096
098
099
101
102
104
105
107
108
110
112
113
115
116
118
119
121
122
124
125
126
128
129
130
131
132
133
134
135
136
137
138
139
140
141
141
142
143
143
144
144
145
146
146
147
148
148
149
149
150
151
151
152
152
153
153
154
154
154
155
155
156
156
156
157
157
157
157
158
158
158
158
159
159
159
159
159
159
159
160
160
160
160
160
160
160
160
160
160
160
160
160
160
160
160
160
160
159
159
159
159
159
159
159
159
159
159
158
158
158
158
158
157
157
157
157
157
157
157
156
156
156
156
156
156
155
155
155
155
155
155
154
154
154
154
154
154
154
154
154
155
154
155
155
156
156
156
157
157
157
158
158
159
160
160
161
161
162
162
163
164
164
165
166
167
167
168
169
170
171
172
172
174
174
175
176
177
178
179
180
181
182
183
184
185
186
187
188
189
190
191
193
194
195
196
197
198
199
200
202
203
204
205
206
207
208
209
210
212
213
214
215
216
217
218
219
220
221
222
223
224
225
225
226
227
226
228
227
229
229
229
230
230
230
231
231
231
230
231
232
232
232
232
232
232
232
232
232
232
231
231
231
231
230
230
230
230
229
223
217
212
206
198
192
186
180
175
172
167
163
160
157
153
149
145
141
140
137
135
132
130
126
123
120
117
115
113
111
109
107
105
103
101
099
097
095
094
092
090
088
087
086
084
083
082
081
080
079
078
076
075
074
073
072
071
070
069
067
067
066
065
065
064
063
063
061
060
060
059
059
058
057
057
056
055
054
054
053
053
053
052
052
051
051
051
050
050
049
