2014-02-12034
034
034
034
035
035
035
036
036
036
037
037
037
038
038
038
039
039
040
040
040
041
042
043
043
044
045
046
047
048
049
050
051
052
053
054
055
056
057
058
059
060
061
062
063
065
066
067
068
070
071
072
073
075
076
077
079
080
082
083
084
086
087
089
090
092
093
095
096
098
100
101
103
104
106
108
110
111
113
115
116
118
119
121
123
124
126
127
128
130
131
132
134
135
136
137
138
139
140
141
142
142
143
144
145
145
146
146
147
148
148
149
149
150
150
151
152
152
153
153
153
154
154
155
155
155
156
156
156
157
157
157
158
158
158
158
158
158
159
159
159
159
159
159
159
159
159
159
159
159
159
159
159
159
159
159
159
159
159
159
158
158
158
158
158
158
158
158
158
157
157
157
157
157
157
156
156
156
156
156
155
155
155
155
154
154
154
153
153
153
153
153
152
152
152
151
151
151
151
151
150
150
150
150
150
150
150
150
150
150
151
151
151
151
152
152
153
153
154
154
155
155
156
157
157
158
158
159
160
161
162
163
164
165
165
166
167
168
169
170
171
172
173
174
176
177
178
179
180
181
182
184
185
186
187
188
189
190
192
193
194
195
196
198
199
200
201
202
204
205
206
208
209
210
211
212
214
215
216
217
218
219
221
222
223
224
225
226
226
227
228
228
229
229
230
231
231
231
231
231
232
232
232
232
232
232
232
232
232
232
232
232
232
232
232
231
231
231
231
230
230
230
229
227
221
214
209
200
194
189
184
178
173
169
164
161
157
153
149
146
143
141
138
135
132
128
127
124
121
118
117
114
111
110
108
105
104
102
101
099
098
097
095
093
092
091
089
087
084
084
082
082
081
081
080
078
077
077
076
074
074
072
071
070
