2014-02-14071
073
071
073
072
074
073
075
074
076
075
077
076
078
077
079
079
081
080
083
082
084
084
085
085
087
087
088
089
090
091
092
092
094
095
096
097
098
099
100
101
102
104
104
107
106
109
110
111
112
114
115
117
118
120
121
122
124
125
127
128
129
130
132
132
135
134
136
137
138
139
140
141
142
144
145
145
146
146
148
148
149
149
150
150
151
151
152
152
153
154
155
155
156
157
158
158
159
159
159
160
160
161
161
161
162
162
163
163
163
164
163
164
164
164
165
164
165
165
164
165
165
165
165
164
165
165
165
166
165
165
165
165
165
164
164
164
164
164
164
164
164
164
163
163
163
163
163
162
163
162
162
162
161
162
161
161
161
161
163
161
161
160
160
161
160
162
162
161
161
162
163
162
163
163
164
164
165
165
165
165
165
166
166
166
168
168
169
170
171
172
173
173
174
175
176
176
178
178
180
181
183
183
185
185
187
187
190
189
192
192
194
194
196
198
198
201
201
203
202
205
204
208
207
209
210
212
212
214
214
217
217
218
219
221
221
223
224
225
226
227
228
229
230
231
232
232
233
233
235
234
236
234
236
235
236
236
236
236
237
237
237
237
237
237
236
237
236
237
236
236
235
235
235
235
235
235
234
234
233
233
233
231
228
224
220
217
213
210
205
202
199
196
193
190
187
184
180
177
175
172
169
161
158
154
152
148
141
137
136
133
130
128
124
122
120
119
117
115
113
111
108
109
107
108
106
107
105
106
104
105
103
103
100
100
098
096
097
094
095
093
094
092
092
090
089
088
088
087
088
086
088
085
087
086
086
085
086
084
085
084
084
083
084
082
083
081
082
081
080
081
080
081
079
081
079
080
078
080
078
079
078
078
076
077
076
077
075
076
075
075
074
074
073
073
072
072
071
070
069
068
066
065
063
063
062
060
059
059
058
058
058
